1.690964937210083
2.0402841567993164
2.495264768600464
1.9193534851074217
2.273499011993408
1.863073468208313
1.735416293144226
1.626201033592224
1.6534171104431152
1.572651982307434
1.795209527015686
1.8481285572052
2.436251163482666
2.148545265197754
1.8362594842910769
1.795556902885437
2.118579864501953
2.117656707763672
2.3121724128723145
1.5902323722839355
2.010369300842285
1.880892038345337
2.4593818187713623
1.8047864437103271
1.9853057861328125
2.482849597930908
1.8082544803619385
2.0850601196289062
1.7853025197982788
2.2622439861297607
1.6628639698028564
2.044301986694336
1.6373014450073242
1.538723707199097
1.7231091260910034
1.848708152770996
2.3118338584899902
1.9512267112731931
1.6491583585739136
1.589235782623291
2.423041820526123
1.9520764350891116
1.9839966297149656
1.5230228900909424
1.8906012773513796
1.6035529375076294
2.1614997386932373
2.34443998336792
1.53308367729187
1.6925818920135498
1.86072850227356
1.8968324661254885
1.9672985076904297
2.0197620391845703
1.5218623876571655
1.5855904817581177
2.1169075965881348
1.92893660068512
1.8933136463165283
1.88382625579834
1.8584213256835935
2.134538412094116
2.194441795349121
2.3351926803588867
1.8692444562911987
2.210031270980835
1.7614259719848633
2.1356658935546875
1.7430810928344729
2.040041208267212
2.4790611267089844
2.117137908935547
1.439446210861206
1.900155067443848
1.7095849514007568
1.786876201629639
1.7908586263656616
2.4881629943847656
2.226325035095215
1.7675349712371826
2.078530550003052
2.285757303237915
2.594655990600586
2.2911007404327397
2.3259923458099365
1.6757707595825195
1.6707074642181396
1.7636650800704956
1.956730604171753
1.697298884391785
2.010385274887085
1.6565676927566528
1.7786363363265991
2.251654863357544
1.7206283807754517
1.6957077980041504
1.9454498291015625
2.1425600051879883
2.190338134765625
1.7359304428100586
2.1369447708129883
2.2767930030822754
1.566578030586243
1.8693913221359253
1.93567955493927
2.198003053665161
1.670400619506836
1.662289023399353
2.062564849853516
2.334402084350586
1.8141884803771973
2.3389079570770264
1.8910964727401731
1.9990376234054563
2.07349705696106
1.7606465816497805
2.117106914520264
2.1084933280944824
2.291574239730835
2.10465145111084
2.0129709243774414
2.1118783950805664
2.3036108016967773
2.1916067600250244
1.684377670288086
1.450422763824463
1.651939034461975
2.349908828735352
2.157155990600586
2.0836257934570312
1.7666127681732178
1.8323328495025637
1.7888054847717283
2.029482364654541
2.2376668453216557
2.322101593017578
1.973241090774536
1.695970058441162
1.9420506954193115
2.182893753051758
1.8111999034881592
1.572250485420227
1.8330307006835935
1.484307050704956
1.9954891204833984
1.57962167263031
1.811015248298645
1.6315701007843018
1.526881456375122
1.6831557750701904
2.6453752517700195
1.8881679773330688
1.680872678756714
1.8158495426177976
1.8459751605987549
2.0958971977233887
2.138080358505249
1.4870485067367554
1.658945083618164
2.480907678604126
2.335818290710449
1.7339693307876587
2.72532320022583
1.5223193168640137
1.6341811418533323
1.9235445261001587
1.8467726707458496
1.6668602228164673
1.751001477241516
1.6382678747177124
2.1276614665985107
2.1666152477264404
2.202863931655884
1.64500093460083
1.4469830989837646
1.8293023109436035
1.3769962787628174
2.026038646697998
2.130105972290039
1.9866936206817627
1.722704529762268
1.799803614616394
1.84057891368866
1.907881498336792
1.5798892974853516
1.5088741779327393
2.0049707889556885
1.6770281791687012
2.061208724975586
1.9536466598510744
1.9420732259750368
2.286693334579468
1.6540122032165527
1.6733194589614868
1.8162156343460083
1.75437593460083
1.6950459480285645
1.516763687133789
1.811802864074707
1.6339938640594482
1.964525818824768
1.8914735317230225
1.956716060638428
1.939761757850647
1.6808602809906006
2.017693996429444
2.236765623092652
1.9227465391159055
1.7096607685089111
1.9072587490081787
1.7383270263671875
1.8318017721176147
1.6232773065567017
1.934297561645508
2.006300449371338
1.794965147972107
1.6373322010040283
1.633254885673523
1.8227989673614504
1.6828172206878662
1.8527469635009768
1.7506619691848757
1.7440590858459473
1.8210066556930544
1.5173850059509275
2.0081000328063965
1.5086030960083008
1.6741808652877808
2.2969136238098145
1.4897472858428955
1.697685956954956
1.6262586116790771
1.7435405254364014
1.8949369192123413
1.9256625175476076
1.798218011856079
1.551358938217163
1.870052456855774
2.0200157165527344
1.7476963996887207
1.6567944288253784
2.1091694831848145
1.7902052402496338
1.6506785154342651
1.9321733713150024
1.441687822341919
2.1493678092956543
1.7008719444274902
1.478272795677185
2.275315284729004
2.0668537616729736
2.0717368125915527
1.9239321947097776
2.051917552947998
2.2839157581329346
1.939115047454834
1.542637825012207
1.848745584487915
1.807535171508789
2.2063193321228027
1.9003551006317136
2.029622793197632
2.234928607940674
1.8968664407730105
1.829807162284851
1.3647069931030271
2.387953281402588
1.8019845485687256
1.8546396493911743
2.049068689346313
1.765091061592102
2.5956408977508545
1.7484521865844729
1.53819477558136
1.74449622631073
2.08369517326355
1.853176832199097
1.8653879165649412
2.0932931900024414
1.9492220878601076
2.022500514984131
1.8012092113494873
2.45637321472168
2.1830854415893555
2.219510555267334
1.621034860610962
1.846312522888184
2.226863384246826
2.6945109367370605
1.9213149547576904
2.2683706283569336
1.5841997861862185
2.006999969482422
1.524708271026611
2.003858089447021
1.46409010887146
1.832165241241455
1.850128412246704
1.384293556213379
1.7385921478271484
1.7274044752120972
1.7206908464431765
1.676362156867981
1.7327545881271362
2.0647194385528564
1.8406751155853271
2.1280903816223145
1.6966605186462402
1.9489482641220093
1.5307559967041016
1.790603756904602
1.7742043733596802
1.593123435974121
1.6628074645996094
1.6370755434036257
1.759482741355896
2.1091225147247314
1.844407081604004
1.636210799217224
1.760435700416565
1.7412168979644775
1.732938289642334
1.376704216003418
1.6929477453231812
2.1343331336975098
2.1292500495910645
1.8785784244537356
2.404292106628418
2.242659568786621
1.730246663093567
1.9854998588562007
1.5332456827163696
2.4700608253479004
2.543389320373535
1.9971476793289185
2.064842939376831
1.9179457426071167
1.9649455547332764
1.600450038909912
1.979069709777832
1.766394019126892
2.4155731201171875
1.8946105241775515
2.376789093017578
1.80798614025116
1.6392016410827637
1.6964406967163086
2.1477322578430176
2.0972256660461426
1.8780287504196167
1.937909722328186
1.8973045349121092
2.1334450244903564
2.014882326126098
2.10465145111084
1.6346969604492188
2.157169342041016
2.3482413291931152
1.7697032690048218
2.139013290405273
1.829473853111267
1.5096476078033447
2.346762180328369
2.5611183643341064
2.570091009140014
2.522879123687744
2.192537784576416
1.757826328277588
2.071687698364258
2.584920883178711
1.7824149131774902
1.7750258445739746
1.6350719928741455
1.5713965892791748
1.6614255905151367
2.6768198013305664
1.95543372631073
1.9532701969146729
1.7791907787322998
1.7672615051269531
2.0534024238586426
2.723402976989746
2.2797579765319824
2.4350244998931885
2.721553325653076
2.72031307220459
2.3126845359802246
2.1604433059692383
2.106597423553467
1.7989195585250854
1.9990278482437132
2.460558652877808
2.073036193847656
2.1598658561706543
1.9170880317687988
1.5744256973266602
1.8443307876586916
2.084298610687256
1.9503127336502075
2.233346462249756
1.6699187755584717
2.101741313934326
1.933903694152832
1.84681236743927
1.8184576034545896
1.7271195650100708
1.99737560749054
1.9089126586914065
1.892452955245972
2.290031909942627
2.4308552742004395
2.174978256225586
2.0368480682373047
1.855779767036438
2.3943862915039062
1.8776403665542605
1.8984053134918213
1.636547327041626
2.4738049507141118
2.119419574737549
1.8297631740570068
1.6753549575805664
2.404285430908203
2.017223358154297
2.1174161434173584
1.9508775472640991
1.9317646026611328
2.038989782333374
2.4453723430633545
2.0439982414245605
1.9872663021087649
2.067225217819214
2.523079872131348
1.91609525680542
1.9413491487503047
2.216273307800293
1.8313416242599487
2.0834174156188965
2.42508602142334
2.0580925941467285
1.673887014389038
2.006138801574707
2.209281206130981
2.156759738922119
2.2595434188842773
1.6265801191329956
1.6763771772384644
2.104996681213379
2.0530481338500977
2.108717203140259
2.0185093879699707
2.178636074066162
1.730744481086731
2.0887575149536133
2.029071569442749
2.159453630447388
2.399491310119629
1.9508185386657717
2.237974166870117
2.381650686264038
1.9057821035385127
2.3024606704711914
1.9044784307479856
1.8689393997192385
2.496133089065552
1.8561426401138303
2.049048900604248
2.059054374694824
1.5066142082214355
2.135328531265259
2.3507137298583984
1.9475853443145752
1.6716982126235962
1.732278823852539
2.1757538318634038
1.930873155593872
2.4426090717315674
2.22425389289856
1.9821314811706543
2.400872230529785
2.368931770324707
2.414505958557129
1.9165399074554443
1.898922085762024
2.192480087280273
1.8345800638198853
1.8443851470947263
2.259016513824463
2.490701675415039
2.009093999862671
2.524083614349365
1.6209259033203125
2.5153846740722656
1.6676627397537231
1.798264980316162
1.9530925750732424
1.744434475898743
2.5117080211639404
2.0111122131347656
1.965374231338501
1.7667102813720703
2.418219566345215
2.1152660846710205
2.150642156600952
2.281566381454468
2.3577027320861816
1.900107979774475
2.083082914352417
1.7009856700897217
2.361024618148804
2.2235093116760254
2.72397518157959
1.973971962928772
1.3588697910308838
1.9772378206253047
2.155638694763184
1.764312982559204
2.1840782165527344
2.1129705905914307
2.226733684539795
1.9805759191513064
1.7583661079406738
1.8764104843139648
1.8885343074798584
2.0133419036865234
2.010603427886963
1.941768169403076
2.052030563354492
2.1988229751586914
1.9449450969696045
1.880176782608032
2.143989086151123
1.804312229156494
2.0285065174102783
1.6914217472076416
1.9637356996536253
2.055957078933716
1.92340099811554
2.1782448291778564
1.8443132638931277
1.9375044107437132
2.03974986076355
2.3483498096466064
1.7817236185073853
2.040544033050537
1.8748383522033687
1.8007252216339111
2.1695716381073
1.8652528524398804
2.067689895629883
2.3128387928009038
1.9309310913085935
2.215672492980957
1.83788537979126
2.123781442642212
1.9241223335266116
1.960124135017395
2.3339409828186035
2.0444934368133545
2.42789626121521
1.988429069519043
2.089146614074707
2.266476631164551
1.899764060974121
1.7723846435546875
1.5975552797317505
2.0776424407958984
1.9525806903839111
1.8550726175308228
1.6401002407073977
2.00868558883667
1.981477975845337
1.7115309238433838
2.253899097442627
1.6805500984191897
2.3082540035247803
1.881518602371216
2.035254955291748
1.926719069480896
1.8086860179901123
2.2556190490722656
1.9379183053970337
1.768136739730835
2.0523178577423096
1.9781763553619385
2.1214404106140137
1.677788019180298
1.630014419555664
1.8831822872161863
2.034735202789306
1.7241108417510986
1.8543193340301516
1.934497117996216
2.0627474784851074
2.362307548522949
1.8887968063354488
1.8276917934417725
1.942996859550476
1.929908037185669
1.6730531454086304
1.740131139755249
1.763518452644348
2.0184459686279297
1.9983526468276975
1.93955659866333
1.8105636835098269
1.9583873748779297
2.104325532913208
1.639458179473877
1.8243350982666016
2.267204761505127
2.1314663887023926
2.073372840881348
2.070854663848877
1.8016605377197263
1.8912482261657717
2.0441479682922363
1.6520562171936035
1.9040961265563965
1.94918692111969
1.9232584238052368
2.0002715587615967
2.1512670516967773
1.849414944648743
1.8620637655258176
2.095345258712769
2.2849349975585938
1.7715697288513184
1.5470235347747805
1.72309148311615
1.7979928255081177
2.238964557647705
1.9623619318008425
2.0928354263305664
1.814685940742493
2.09852933883667
1.664314031600952
1.7266080379486084
1.9301066398620603
1.985063076019287
2.1072816848754883
1.6750657558441162
2.2800281047821045
1.875545859336853
2.224985361099243
1.7882977724075315
2.0673604011535645
2.095405101776123
2.2808542251586914
2.1502342224121094
2.112308979034424
2.1918063163757324
1.7267197370529177
1.948060750961304
1.8409228324890137
2.042023181915283
1.9485831260681152
1.881620168685913
2.0127768516540527
1.8586938381195068
2.0794014930725098
1.79949152469635
1.9648317098617556
1.847390055656433
2.032726764678955
1.8157552480697632
1.7586309909820557
2.0000295639038086
1.7181439399719238
1.8698033094406128
2.0186214447021484
1.881648063659668
1.8729431629180908
1.5845887660980225
1.916256070137024
1.868639349937439
1.7581273317337036
2.401203155517578
1.8139359951019287
1.868143081665039
1.9174902439117432
1.9237451553344729
2.1436378955841064
1.917133927345276
1.9678692817687988
1.8074244260787964
2.075811624526977
2.502589464187622
1.9759759902954104
2.179851055145264
2.1049208641052246
1.912601351737976
2.1242525577545166
2.026336193084717
1.7479937076568604
1.8479782342910769
1.8677681684494016
2.3399574756622314
2.6742844581604004
1.6964116096496582
1.9901717901229856
1.8087258338928225
2.0231895446777344
2.1697919368743896
1.7901928424835205
1.7497479915618896
1.7541561126708984
1.8693740367889404
2.159949779510498
2.6497344970703125
2.582815647125244
2.662642478942871
2.6204633712768555
2.610351085662842
2.5589487552642822
2.612420082092285
2.5603187084198
2.601978063583374
2.585714340209961
2.660399436950684
2.614370107650757
2.651078224182129
2.547652006149292
2.585550546646118
2.521481513977051
2.575983047485352
2.54963493347168
2.554248332977295
2.687589168548584
2.290071964263916
2.1083569526672363
2.088767766952514
2.2755773067474365
2.1713993549346924
2.178329944610596
2.29426383972168
2.0814766883850098
2.269641876220703
2.121771812438965
2.1396284103393555
2.013455629348755
2.34936785697937
2.25312614440918
2.730440616607666
2.165174722671509
2.730506181716919
2.2926340103149414
2.1158032417297363
2.101913928985596
2.332164764404297
1.882481575012207
2.083495140075684
2.173553228378296
1.848678708076477
1.965158224105835
2.39096736907959
2.265082836151123
2.0477523803710938
2.183941125869751
2.2245566844940186
2.706682682037353
2.0278358459472656
2.6980795860290527
2.5238230228424072
2.5194668769836426
2.325551748275757
2.367645263671875
2.246947765350342
2.19529390335083
2.190253257751465
2.247337818145752
2.183015823364258
2.4698705673217773
2.353914737701416
2.3236329555511475
2.092231035232544
2.1660807132720947
2.159352779388428
2.0398316383361816
2.094423770904541
2.171088457107544
2.29921293258667
1.9968351125717163
2.184245109558105
2.0564606189727783
2.315584659576416
2.1755316257476807
2.1033947467803955
2.314072132110596
2.004168748855591
2.141509532928467
2.4587693214416504
2.2585270404815674
2.1614434719085693
2.111579179763794
2.177577495574951
2.541980743408203
2.307013988494873
2.233698844909668
2.154282331466675
2.113053560256958
2.1760549545288086
2.087443351745605
2.206005573272705
2.0292248725891118
1.960693597793579
2.1431918144226074
2.0866737365722656
2.199951648712158
2.1976571083068848
2.261070728302002
2.2355828285217285
2.430546760559082
2.159790515899658
2.224656820297241
2.562416076660156
2.03076696395874
2.167901039123535
2.1644511222839355
2.7312073707580566
2.60412073135376
2.432023048400879
2.309710025787353
2.4973394870758057
2.0350828170776367
2.4572629928588867
2.126465320587158
1.865132570266724
2.2942347526550293
2.055739402770996
2.7245161533355717
2.0982003211975098
2.1147994995117188
2.6202754974365234
2.1888551712036133
2.636423826217652
2.100299835205078
2.136603832244873
2.114149570465088
2.544230937957764
2.5771024227142334
2.259687900543213
2.149503707885742
2.5968267917633057
2.257081985473633
2.5980472564697266
2.308154582977295
2.5432581901550293
2.533660411834717
2.147554397583008
2.233541965484619
2.474172830581665
2.4432694911956787
2.187010765075684
2.218130588531494
2.346709012985229
2.3005964756011963
2.296718120574951
2.32410192489624
2.263805389404297
2.708637237548828
2.7068755626678467
2.664907455444336
2.247053861618042
2.2743868827819824
2.4905216693878174
2.56778883934021
2.490321636199951
2.293726682662964
2.487586498260498
2.289501190185547
2.460150241851806
2.6568543910980225
2.3108255863189697
2.727313995361328
2.4704205989837646
2.14578628540039
2.344804525375366
2.348997116088867
2.5973424911499023
2.548101663589477
2.5093560218811035
2.460442066192627
2.4262163639068604
2.406386137008667
2.60336971282959
1.9849252700805664
2.53529691696167
2.333933591842652
2.301462411880493
2.0501718521118164
2.4188671112060547
2.343423843383789
2.12194561958313
2.5058913230896
2.189662456512451
2.0618736743927
2.187080383300781
1.998767614364624
2.6381542682647705
2.3800954818725586
2.2718348503112797
2.3400819301605225
2.429466962814331
2.521965742111206
2.433414459228516
2.1651439666748047
2.29362154006958
2.2389168739318848
2.2124223709106445
2.1761415004730225
2.550478458404541
2.236325740814209
2.2804360389709477
2.52420425415039
2.307167053222656
2.4922804832458496
2.0878751277923584
2.127385377883911
2.226913928985596
2.279603958129883
2.2321691513061523
2.357431650161743
2.49939489364624
2.316548109054565
2.3741512298583984
2.488557815551758
2.1917428970336914
2.244271278381348
2.403555393218994
2.304690361022949
2.4395089149475098
2.312717199325561
2.262190341949463
2.5787742137908936
2.7302136421203613
2.2109851837158203
2.1768622398376465
2.0925331115722656
2.332148551940918
2.194082498550415
2.304647445678711
2.1707968711853027
2.5950474739074707
2.256336212158203
2.075305223464966
2.230947732925415
2.308146953582764
2.5537753105163574
2.1207849979400635
2.16733980178833
2.3491835594177246
2.423080921173096
2.595555305480957
2.039111375808716
2.233470916748047
2.5770368576049805
2.429875612258911
1.880131959915161
2.1041033267974854
2.2869133949279785
2.1454901695251465
2.48929214477539
2.3764138221740723
2.3182058334350586
2.4479916095733643
2.5706357955932617
2.585486888885498
2.384788274765014
2.4551658630371094
2.3957321643829346
2.4978652000427246
2.4853386878967285
2.2766919136047363
2.206106185913086
2.2367420196533203
2.3164138793945312
2.3357157707214355
2.225496530532837
2.468388557434082
2.3043856620788574
2.1564955711364746
2.4260449409484863
2.204652786254883
2.418576002120972
2.1547210216522217
2.2879843711853027
2.288113594055176
2.6653056144714355
2.2007148265838623
2.131689071655273
2.432944774627685
2.197265863418579
2.534306526184082
2.384481430053711
2.457190990447998
2.707465887069702
2.053283452987671
2.151330947875977
2.665435075759888
2.1508586406707764
2.1207118034362797
2.436673402786255
2.129796504974365
2.3645708560943604
2.392288446426392
2.6872551441192627
2.2874460220336914
2.7261338233947754
2.648918628692627
2.2839083671569824
2.3403453826904297
2.583349704742432
2.472367286682129
2.567734241485596
2.0318245887756348
2.0553407669067383
2.718040943145752
2.294032096862793
2.6499128341674805
2.115275621414185
2.5092241764068604
2.376037359237671
2.2779529094696045
2.5255744457244877
2.5887696743011475
2.399999618530273
2.437113046646118
2.5526840686798096
2.5962719917297363
2.270061016082764
2.5436854362487797
2.187070846557617
2.191396474838257
1.987886905670166
2.579863786697388
2.598270893096924
2.2385871410369877
2.247802734375
2.187767267227173
2.2552857398986816
2.0912632942199707
2.427687644958496
2.349538564682007
2.308619976043701
2.3068389892578125
2.7278456687927246
2.5710484981536865
2.1171202659606934
2.441125869750977
2.687419414520264
2.1812856197357178
2.236424446105957
2.3548572063446045
2.253512382507324
2.1952896118164062
2.6969051361083984
2.282365560531616
2.642868995666504
2.153948783874512
2.24170184135437
2.29150938987732
2.133338451385498
2.4700169563293457
2.4272620677948
2.5595664978027344
2.3794846534729004
2.124089002609253
2.0799193382263184
2.193274974822998
2.0675606727600098
2.2465405464172363
2.3553872108459477
2.3379526138305664
2.174454689025879
2.7273073196411133
2.078264713287353
2.670916557312012
2.066340208053589
2.1358113288879395
2.180546760559082
2.2105963230133057
1.804595708847046
2.194936990737915
2.259270668029785
2.377350330352783
2.2737679481506348
2.4405531883239746
2.1476547718048096
2.473803997039795
1.958005666732788
2.041276454925537
2.2567217350006104
2.124101161956787
2.140805721282959
2.097776412963867
1.9880151748657229
2.423241138458252
2.2237653732299805
2.201201677322388
2.1568524837493896
2.3920211791992188
2.5244462490081787
2.487846612930298
2.375149726867676
2.3503146171569824
2.5518364906311035
2.3448145389556885
2.3729512691497803
2.442570686340332
2.471688032150269
2.468292236328125
2.342570781707764
2.4212372303009038
2.311420202255249
2.4779045581817627
2.479874610900879
2.442871332168579
2.641179084777832
2.4144763946533203
2.512360095977783
2.431302070617676
2.398970603942871
2.391498327255249
2.46829605102539
2.503882884979248
2.434444665908813
2.725400447845459
2.5021443367004395
2.372527599334717
2.467805862426758
2.4602229595184326
2.240626811981201
2.363809585571289
2.337456226348877
2.41664457321167
2.403987169265747
2.463534355163574
2.40017318725586
2.546264410018921
2.5556023120880127
2.391693592071533
2.4473347663879395
2.475403308868408
2.498974084854126
2.406886339187622
2.3734383583068848
2.240349292755127
2.326159954071045
2.330991744995117
2.433334827423096
2.294376373291016
2.424664258956909
2.5401864051818848
2.359868288040161
2.446255922317505
2.590534210205078
2.456270456314087
2.4331583976745605
2.1058249473571777
2.016918659210205
2.0266876220703125
2.0994741916656494
2.2357308864593506
2.0726451873779297
2.0607924461364746
2.142342567443848
2.093013286590576
1.8955440521240237
2.1519296169281006
2.0145204067230225
1.963427782058716
1.8594266176223757
1.942388892173767
1.9993696212768557
2.2174789905548096
2.069359302520752
1.9816817045211792
1.9881365299224851
2.0027849674224854
2.2596535682678223
2.178253650665283
1.9952001571655276
2.3868677616119385
1.9279454946517944
1.95959734916687
2.283623695373535
2.08386754989624
1.8978931903839111
1.9806675910949707
1.9623252153396609
1.9796125888824463
2.0371127128601074
2.1279592514038086
1.9406193494796755
2.2666285037994385
2.266260862350464
1.984000325202942
1.8854179382324217
2.0959277153015137
2.0379271507263184
2.283115863800049
2.2489891052246094
2.219666004180908
1.8575702905654907
2.1161158084869385
2.2264347076416016
2.1963610649108887
2.3062057495117188
2.07590389251709
2.311065673828125
1.9827585220336916
1.9233723878860476
1.9915717840194704
2.1483449935913086
1.856223464012146
2.0311026573181152
2.0813138484954834
2.177365303039551
2.3575267791748047
2.0994303226470947
2.308166027069092
2.24417495727539
2.130829095840454
2.156893253326416
1.920748472213745
1.876236915588379
1.9037277698516848
2.1461753845214844
1.9564142227172847
1.9416804313659668
1.9636902809143064
1.9358127117156985
2.038278341293335
1.944681167602539
1.945836067199707
2.0139238834381104
2.144991397857666
2.154852867126465
1.8558621406555176
2.075676202774048
1.951197624206543
2.1199212074279785
2.6689820289611816
2.27480411529541
2.135962963104248
1.9129846096038816
2.199598789215088
2.378490924835205
2.12540054321289
2.0050415992736816
2.1137053966522217
2.191828727722168
2.3752803802490234
2.1955785751342773
2.646713972091675
2.524920701980591
2.5744314193725586
2.1984288692474365
2.378612279891968
2.4002959728240967
2.2120721340179443
2.471357107162476
2.3327341079711914
2.4857382774353027
2.4107584953308105
2.2101104259490967
2.1649088859558105
2.2861998081207275
1.9443421363830569
2.4486303329467773
2.351196050643921
2.241048812866211
2.210350275039673
2.4747352600097656
2.455016613006592
2.469254493713379
2.424280166625977
2.389331102371216
2.689614534378052
2.534170150756836
2.186980724334717
2.7236714363098145
2.4152207374572754
2.344523668289185
2.5739471912384038
2.115051507949829
2.244419574737549
2.282098293304444
2.374199867248535
2.312954425811768
2.1947269439697266
2.4001193046569824
2.278989791870117
2.063417434692383
2.079251766204834
2.384044647216797
2.4433157444000244
2.1790895462036133
2.344241142272949
2.587524890899658
2.3785624504089355
2.662947177886963
2.053755283355713
2.1631946563720703
2.1418275833129883
2.38336443901062
2.182343006134033
2.355499744415283
2.40652847290039
2.353672981262207
2.3737926483154297
2.5066781044006348
2.2291951179504395
2.206660032272339
2.2594141960144043
2.1594858169555664
2.5244946479797363
2.55508804321289
2.172949314117432
2.3106133937835693
2.4898388385772705
2.0926342010498047
2.40228009223938
2.617083549499512
2.329549789428711
2.270509958267212
2.198871612548828
2.4310872554779053
2.3284687995910645
2.588554859161377
2.468937635421753
2.600224018096924
2.3282155990600586
2.145528554916382
2.1022791862487797
2.422076463699341
2.4432075023651123
2.6609151363372803
2.339433431625366
2.556051015853882
2.5111043453216557
2.2462141513824463
2.547747850418091
2.727151393890381
2.6373133659362797
2.1254916191101074
2.30009126663208
2.0707204341888428
2.114685535430908
2.142270565032959
2.1298208236694336
2.297367572784424
2.256723165512085
2.468073844909668
2.178821563720703
2.429975748062134
1.9660674333572388
2.385495185852051
2.385024070739746
2.040168046951294
2.351047277450561
2.2964928150177
2.1387948989868164
2.2362728118896484
2.1520845890045166
2.2780041694641118
2.237689971923828
2.222748279571533
2.71279239654541
1.965474367141724
2.1594576835632324
2.473292350769043
2.16875958442688
2.490570068359375
2.0335161685943604
2.100270748138428
2.113924503326416
1.9275614023208616
2.3152177333831787
2.33370304107666
2.6291284561157227
2.663418769836426
2.107342481613159
1.9651553630828855
2.051851749420166
2.239007472991944
2.091721296310425
2.4707634449005127
1.920160174369812
2.1532175540924072
2.2052712440490723
2.463143348693848
2.464092254638672
2.4626994132995605
2.644686698913574
2.3660788536071777
2.6115918159484863
2.214716911315918
2.3655004501342773
2.5321836471557617
2.132558822631836
2.260572910308838
2.41328763961792
2.3760812282562256
2.3414459228515625
2.355257511138916
1.8694376945495603
2.0561373233795166
2.13879132270813
1.9627830982208248
2.201468706130981
2.197531223297119
2.167804718017578
2.203641891479492
2.2542357444763184
2.154082775115967
2.2929372787475586
2.273077726364136
2.172518014907837
2.429986000061035
2.2895069122314453
2.342058658599853
2.4964423179626465
2.2154221534729004
2.2606725692749023
2.252701997756958
2.4813232421875
2.2295491695404053
2.3620195388793945
2.203186511993408
2.175640106201172
2.2312707901000977
2.1637277603149414
2.0491325855255127
2.5221242904663086
2.3580965995788574
2.428999185562134
2.12732458114624
2.5261964797973637
2.377965450286865
2.162273406982422
1.9479238986968996
2.2890491485595703
2.0881123542785645
2.2402963638305664
2.1285386085510254
2.2234201431274414
2.501412868499756
2.0784311294555664
2.5687906742095947
2.316000938415528
2.3378701210021973
2.017216682434082
2.110422134399414
2.141757011413574
2.194725751876831
2.1392452716827397
2.046154499053955
2.4783639907836914
2.286614894866944
2.053938865661621
2.056756019592285
2.104341983795166
2.16402268409729
2.261281013488769
2.465446949005127
2.1874895095825195
2.3163609504699707
2.3129866123199463
2.276039123535156
2.292853116989136
2.292313575744629
2.2034149169921875
2.102017402648926
2.252533435821533
2.2359633445739746
2.211453914642334
2.210972785949707
2.033172607421875
2.406130790710449
2.118818521499634
2.16821837425232
2.2395739555358887
2.110265016555786
2.048326015472412
2.546257257461548
2.499473094940185
2.114434003829956
2.0563950538635254
2.691540002822876
2.113036155700684
2.041358232498169
2.249786376953125
2.001101016998291
2.301353931427002
1.9540104866027832
2.2438032627105717
1.924506425857544
2.134909152984619
2.473991870880127
2.013289451599121
1.9714443683624268
2.2995221614837646
2.365654945373535
2.3548836708068848
2.3479485511779785
2.097872734069824
2.240870475769043
2.1307735443115234
1.8943021297454836
2.114968776702881
2.0970945358276367
2.3463265895843506
2.0440306663513184
2.234426021575928
2.1965019702911377
2.097771644592285
2.603454113006592
2.058403491973877
2.0109400749206543
2.042846918106079
2.112312793731689
2.434812068939209
2.2145438194274902
2.2578577995300293
2.707472085952759
2.5935654640197754
2.657411336898804
2.721299171447754
2.4336917400360107
2.7274861335754395
2.629629135131836
2.30176305770874
2.0965490341186523
1.9985125064849851
2.6331939697265625
2.351313829421997
2.253420114517212
2.484782218933105
2.34853196144104
2.2387712001800537
2.48477554321289
2.3569130897521973
2.464617967605591
2.4168009757995605
2.5092363357543945
2.4486489295959477
1.9926263093948364
2.426113605499268
2.4374818801879883
2.642153739929199
2.565046548843384
2.4895098209381104
2.4712820053100586
2.5935306549072266
2.132177352905273
2.704432487487793
2.569270610809326
2.6188793182373047
2.4085140228271484
2.112987995147705
2.1314733028411865
2.151020765304565
2.3432087898254395
2.364929437637329
2.0607829093933105
2.411937713623047
2.185689210891724
2.3273496627807617
2.1985716819763184
2.385763168334961
2.286232709884644
2.2526636123657227
2.2175657749176025
2.418495178222656
2.1921610832214355
2.0122733116149902
2.3517065048217773
2.15096378326416
2.299132823944092
2.3843390941619877
2.2898573875427246
2.547724485397339
2.0647287368774414
2.156514406204224
2.358004570007324
2.434129476547241
2.20530366897583
2.2462284564971924
2.1442558765411377
2.2408201694488525
2.428449869155884
2.370303153991699
2.300637722015381
2.322895050048828
2.209004163742065
2.3419718742370605
2.179229974746704
2.6915063858032227
2.55722451210022
2.397552967071533
2.314649105072021
2.386104106903076
2.214274406433105
2.323974609375
2.4530186653137207
2.6191134452819824
2.337765693664551
2.1666202545166016
2.3124496936798096
2.340078830718994
2.667470216751098
2.4825401306152344
2.674492835998535
2.2229604721069336
2.3329784870147705
2.170764207839966
2.373490333557129
2.1620163917541504
2.505988836288452
2.6752734184265137
2.049168348312378
2.3827853202819824
2.198626041412353
2.5131492614746094
2.3212037086486816
2.33253026008606
2.158944129943848
2.1090316772460938
2.5347819328308105
2.628861427307129
2.4532861709594727
2.207971572875977
2.3560950756073
2.207550048828125
2.191738605499268
2.2884867191314697
2.474856376647949
2.1246252059936523
2.316636562347412
2.215606212615967
2.408078193664551
2.491593837738037
2.2441976070404053
2.5730457305908203
2.526214599609375
2.350959539413452
2.5294735431671143
2.3921878337860107
2.3517301082611084
2.126014471054077
2.42435359954834
2.320312976837158
2.6451680660247803
2.24106240272522
2.632000684738159
2.6158785820007324
2.407314777374268
2.436546802520752
2.17557144165039
2.463383913040161
2.588548421859741
2.5576086044311523
2.6966795921325684
2.576815128326416
2.5339488983154297
2.60681700706482
2.732650756835937
2.534539222717285
2.6035258769989014
2.6135613918304443
2.2244834899902344
2.4190821647644043
2.638742685317993
2.547971487045288
2.5680201053619385
2.6677727699279785
2.702268600463867
2.697967052459717
2.592085123062134
2.7200303077697754
2.5491976737976074
2.538976192474365
2.421292781829834
2.5080575942993164
2.6744613647460938
2.5258560180664062
2.723061800003052
2.63979721069336
2.427236795425415
2.565018653869629
2.51393985748291
2.57295298576355
2.5077157020568848
2.622539520263672
2.719876766204834
2.7319583892822266
2.3600025177001958
2.4244284629821777
2.704169273376465
2.310905933380127
2.548569917678833
2.5695788860321045
2.370745182037353
2.5558810234069824
2.5004560947418213
2.5523219108581543
2.69962215423584
2.607486724853516
2.569038391113281
2.663046836853028
2.7223780155181885
2.692291498184204
2.723984241485596
2.647523880004883
2.5836400985717773
2.590426445007324
2.526197910308838
2.4158778190612797
2.462574958801269
2.332573890686035
2.4894561767578125
2.266420364379883
2.486109495162964
2.425656795501709
2.495623111724853
2.5803046226501465
2.623711347579956
2.4740185737609863
2.479180097579956
2.433774948120117
2.6256394386291504
2.5286498069763184
2.643249034881592
2.619798183441162
2.722541570663452
2.631922721862793
2.685573101043701
2.346485137939453
2.516632556915283
2.5832338333129883
2.5631415843963623
2.468032121658325
1.9633623361587524
1.8468868732452397
2.686417579650879
2.031378746032715
2.0348620414733887
1.638380765914917
1.886252999305725
2.258877277374268
1.9658381938934328
1.93324613571167
2.527032852172852
1.3708380460739136
2.021260023117065
1.732791543006897
2.7274293899536133
2.107556104660034
2.116926431655884
1.997816801071167
2.725867748260498
2.0085906982421875
1.8818275928497317
1.7860360145568848
2.0654830932617188
1.682945728302002
1.6117804050445557
2.174999713897705
1.4111160039901731
1.347675919532776
1.4682581424713137
2.276096105575561
1.2082092761993408
1.5301162004470823
1.669236660003662
1.596440315246582
1.8932435512542725
1.3724242448806765
1.37231183052063
1.3426313400268557
1.4558669328689575
1.787835955619812
1.5874921083450315
1.6908535957336426
1.776624321937561
1.8295878171920776
1.737495183944702
1.8546040058135984
1.6257349252700806
1.8351808786392207
1.6482186317443848
1.3583996295928955
2.078306198120117
1.7240431308746338
1.515434503555298
1.723167896270752
1.473603129386902
1.392082929611206
1.7585405111312866
1.6415152549743652
1.8340082168579104
2.1869468688964844
2.129384279251098
1.801707148551941
1.545365810394287
1.3796513080596924
1.9235634803771973
1.7011959552764893
1.6058621406555176
1.836941480636597
1.6373577117919922
1.7910020351409912
1.396032452583313
1.4986857175827026
1.7452750205993652
1.367334246635437
1.6384973526000977
2.1474146842956543
1.8128048181533811
1.5449776649475098
2.407853603363037
1.8299694061279297
1.782595157623291
1.9774678945541384
2.1581101417541504
1.299324870109558
2.4076988697052
1.7652430534362793
1.6389286518096924
1.5719144344329834
2.006755828857422
1.509144306182861
1.689793348312378
1.541267991065979
1.5686869621276855
1.830155372619629
1.4664585590362549
2.1824982166290283
1.404410481452942
1.9049615859985352
1.7822750806808472
2.240104913711548
1.4311305284500122
1.6162188053131104
1.1996183395385742
2.734954833984375
2.0273923873901367
1.482550024986267
1.9800727367401123
1.457986831665039
2.2592861652374268
1.4773664474487305
2.296877861022949
2.173957586288452
1.7322927713394165
1.66695237159729
1.5726897716522217
1.6338706016540527
1.81760847568512
1.592840313911438
1.7652935981750488
1.658859372138977
1.7006126642227173
2.23190975189209
1.5750343799591064
1.7825875282287598
1.7013614177703855
1.367087483406067
1.2626032829284668
2.1550567150115967
1.8568379878997805
2.0966923236846924
1.6180243492126465
1.6144099235534668
1.4833970069885254
1.7939298152923584
1.4971041679382324
1.9305386543273928
1.7277679443359375
2.2998082637786865
1.1994781494140625
1.914946675300598
1.545457363128662
1.963974475860596
1.922051787376404
1.7316055297851562
1.9363893270492556
1.460923433303833
1.542741060256958
1.650742530822754
1.869004249572754
1.4675817489624023
1.785149335861206
1.671377658843994
1.7591707706451416
1.5641238689422607
2.7275233268737797
1.6025023460388184
1.4405992031097412
1.5086159706115725
1.619856357574463
1.9632723331451416
1.5723252296447754
2.073665142059326
2.2440247535705566
1.4799857139587402
1.860603928565979
1.808479070663452
2.0738627910614014
1.9789390563964844
1.5744142532348633
1.6680657863616943
1.4669475555419922
1.54004168510437
2.164060115814209
1.880911111831665
1.4832531213760376
1.908341407775879
1.2718727588653564
2.401777505874634
1.7257870435714722
1.82863187789917
1.867786169052124
2.53328537940979
1.4649475812911987
2.1797471046447754
1.6047900915145874
2.665820360183716
1.894729256629944
1.5804212093353271
1.6713860034942627
1.9282536506652832
1.6634769439697266
1.9856171607971191
1.7629296779632568
1.625929594039917
1.734260320663452
1.4942357540130615
1.571380615234375
1.632536768913269
1.6200037002563477
1.657435655593872
1.4644064903259275
1.4443590641021729
1.846989393234253
1.294355392456055
1.8663418292999268
1.577077865600586
1.7652368545532229
1.536230444908142
1.5299265384674072
1.9520230293273928
1.7968354225158691
1.5402796268463137
1.436846137046814
2.067824602127075
2.0081324577331543
2.0802292823791504
2.6699514389038086
1.535680651664734
2.2747490406036377
1.721468210220337
1.8447015285491943
1.918745875358581
1.7471152544021606
1.7118210792541504
2.172046899795532
1.936276912689209
1.7568248510360718
1.8850196599960327
1.936198711395264
1.806813359260559
1.4759886264801023
1.7854745388031006
2.3576812744140625
1.852462887763977
2.0134549140930176
1.746774435043335
1.3424893617630005
1.7014217376708984
2.144271850585937
1.7638132572174072
1.8968992233276367
1.4185138940811155
1.6134752035140991
1.831223487854004
1.440877079963684
2.102607250213623
1.877898931503296
1.7618200778961182
1.4813647270202637
1.561789870262146
1.314929723739624
1.893216133117676
1.4927396774291992
1.7510287761688232
2.3987722396850586
1.2752034664154053
1.4757020473480225
1.7753496170043943
1.7379417419433594
1.4202406406402588
1.5992112159729004
2.0737335681915283
2.198593139648437
1.7681878805160522
1.6457408666610718
1.4828534126281738
2.027360439300537
1.7636613845825195
2.72214150428772
1.5947132110595703
1.5624182224273682
1.6062836647033691
1.5738978385925293
1.7892229557037354
1.8833138942718504
2.2905054092407227
1.4833858013153076
1.8544566631317136
1.6467876434326172
1.6929996013641355
1.61279034614563
1.928133487701416
1.28466796875
1.9268553256988523
2.054490566253662
1.6290013790130615
2.627819538116455
1.4714233875274658
1.8227468729019165
1.8771860599517824
2.1214704513549805
2.112844705581665
1.5759389400482178
1.8987582921981807
2.1426126956939697
1.2824362516403198
1.877898931503296
1.5574297904968262
1.743391513824463
2.0899252891540527
1.4941039085388184
1.36130690574646
1.8896746635437007
1.3422898054122925
1.5887649059295654
1.8541845083236692
1.5158480405807495
1.4111502170562744
1.8478137254714968
1.5037373304367063
1.89749276638031
1.744539737701416
2.0638880729675293
1.645893096923828
1.5429176092147827
2.577038049697876
2.0898749828338623
2.726593255996704
1.417865514755249
1.6272130012512207
1.801174879074097
1.4348790645599363
1.824039459228516
1.8009915351867676
1.2983213663101196
1.5078141689300537
1.5382835865020752
1.5705662965774536
1.988605260848999
1.8192477226257324
1.6703288555145264
1.706655502319336
1.1925456523895264
1.9533849954605105
1.9291157722473145
1.8547258377075195
1.839738249778748
1.7536437511444092
1.7740623950958252
1.651754379272461
1.871163010597229
1.374425172805786
1.636606216430664
1.8081207275390625
1.7802526950836182
1.7668765783309937
1.7124080657958984
1.9690124988555908
2.2935454845428467
2.1405975818634038
1.447922706604004
2.0108232498168945
1.963822364807129
1.480741262435913
1.7160940170288086
1.6273071765899658
1.8123137950897217
1.734562873840332
1.4833111763000488
1.827887773513794
2.083857297897339
1.3142149448394775
1.233161449432373
1.4733060598373413
1.7187296152114868
1.983042359352112
1.7472848892211914
1.888012170791626
2.337096691131592
1.490898370742798
2.728196144104004
1.448648452758789
1.462187647819519
2.15663480758667
1.805915355682373
2.0037713050842285
1.909700632095337
2.084792375564575
1.7053831815719604
1.833268880844116
2.2082791328430176
2.7357187271118164
1.62341046333313
1.4493447542190552
1.8287433385849
1.450293779373169
1.9591643810272217
1.7414168119430542
1.916958451271057
1.7845728397369385
1.6178934574127195
1.6527584791183472
1.6088955402374268
1.7363088130950928
2.064016103744507
2.721124649047852
1.9446862936019895
1.9593572616577148
1.9797823429107664
2.5016062259674072
1.6981940269470217
1.4703949689865112
1.5765821933746338
1.9347753524780276
2.29789400100708
1.591867208480835
1.4595487117767334
1.6819008588790894
1.6707611083984375
1.574875831604004
1.4969265460968018
2.233025312423706
1.3820114135742188
2.165826797485352
1.766840577125549
1.7118688821792605
1.4240655899047852
2.312851905822754
2.174325466156006
2.552769660949707
2.570146083831787
2.0932397842407227
1.5596542358398438
1.983473777770996
1.7859854698181152
2.280787706375122
1.3239526748657229
1.827471375465393
2.165480613708496
2.7282092571258545
1.6259658336639404
2.1654560565948486
1.1086714267730713
2.4041242599487305
2.7217884063720703
2.5784873962402344
2.5470080375671387
2.6830554008483887
2.705207586288452
2.508103370666504
2.511725664138794
2.721619844436645
2.414281845092773
2.6809744834899902
2.638451099395752
2.7366511821746826
2.6605324745178223
2.54142427444458
2.38368558883667
2.5141522884368896
2.294766426086426
2.454606056213379
2.5556085109710693
2.4075045585632324
2.326584815979004
2.5461854934692383
2.379168033599853
2.6351563930511475
2.728921413421631
2.723852634429932
2.3693222999572754
2.3569726943969727
2.4750208854675293
2.533618450164795
2.4088380336761475
2.458430290222168
2.7210562229156494
2.655270576477051
2.1092779636383057
2.6711411476135254
2.360035896301269
2.41941237449646
2.210799217224121
2.40652084350586
2.612822771072388
2.475888729095459
2.393875360488892
2.6109771728515625
2.4702863693237305
2.619726657867432
2.616241693496704
2.7134289741516118
2.476591110229492
2.467802762985229
2.526108741760254
2.724714994430542
2.549372673034668
2.483540296554565
2.554755687713623
2.444823741912842
2.730423927307129
2.496016502380371
2.681246757507324
2.5160012245178223
2.680163621902466
2.434238910675049
2.4281110763549805
2.440232276916504
2.4514975547790527
2.721332311630249
2.6954169273376465
2.694958209991455
2.576462745666504
2.3125572204589844
1.8952867984771729
1.9388350248336792
1.8068186044692995
2.020029306411743
2.0340113639831543
1.924645185470581
2.0193898677825928
1.8525590896606443
1.92230486869812
1.9666588306427
1.893195629119873
1.7900190353393557
2.1312906742095947
1.770186185836792
2.034778356552124
1.8404958248138428
1.849312424659729
1.8159840106964111
1.954176425933838
1.912583351135254
1.763304352760315
2.087493658065796
2.1678624153137207
2.141435146331787
1.8886849880218504
1.758237361907959
1.8197410106658936
1.8933297395706177
2.065908670425415
2.0011606216430664
1.9991978406906128
1.925869822502136
1.9460790157318115
2.069671630859375
1.88887882232666
1.979419231414795
1.9432982206344604
1.905394554138184
2.007791042327881
2.007009029388428
1.9124693870544436
1.99876606464386
1.993883490562439
1.9628864526748655
1.9241342544555664
1.931204319000244
1.962277054786682
1.890098571777344
1.8698877096176147
1.8159873485565183
1.816402554512024
1.946093797683716
1.9685602188110352
1.801186203956604
1.9077261686325075
1.8777861595153809
1.9249287843704224
1.8808709383010864
2.108726978302002
1.8022478818893437
1.967264533042908
1.7296106815338137
2.03950834274292
1.8704843521118164
1.77626371383667
1.8589158058166504
1.8919042348861692
1.8555481433868408
1.8547229766845703
1.815100908279419
1.904383659362793
1.824961543083191
1.914739727973938
2.3941030502319336
2.633038282394409
2.293445110321045
2.356989860534668
2.423647403717041
2.443737506866455
2.322510242462158
2.56361722946167
2.2755229473114014
2.259041786193848
2.247197389602661
2.2705273628234863
2.247467517852783
2.2231554985046387
2.252412796020508
2.3026885986328125
2.35547947883606
2.2837371826171875
2.3386597633361816
2.299145221710205
2.2379226684570312
2.3227365016937256
2.351558208465576
2.2561988830566406
2.390666007995605
2.306736707687378
2.4527783393859863
2.383521318435669
2.3327441215515137
2.6779704093933105
2.3459062576293945
2.462858200073242
2.3202528953552246
2.2354631423950195
2.323986530303955
2.4286141395568848
2.312052965164185
2.297674655914306
2.201890468597412
2.201513767242432
2.4611170291900635
2.336513042449951
2.3425021171569824
2.465554714202881
2.624075174331665
2.606088638305664
2.601648569107056
2.5856735706329346
2.4580531120300293
2.509197235107422
2.564117431640625
2.444394111633301
2.613158226013184
2.45449447631836
2.5912318229675293
2.6850380897521973
2.5684938430786133
2.415100574493408
2.616029977798462
2.548219680786133
2.4426398277282715
2.440967321395874
2.6408631801605225
2.5852198600769043
2.685565948486328
2.488318681716919
2.640653610229492
2.5356664657592773
2.5458314418792725
2.6931655406951904
2.6679134368896484
2.653970241546631
2.4676513671875
2.548600435256958
2.728884220123291
2.500948429107666
2.669645071029663
2.492370128631592
2.533953189849853
2.6425657272338867
2.5100197792053223
2.6514925956726074
2.5323171615600586
2.679446220397949
2.6586461067199707
2.465897798538208
2.63934326171875
2.698906660079956
2.543703079223633
2.490582227706909
2.7035622596740723
2.5349040031433105
2.4934372901916504
2.337545871734619
2.544041156768799
2.552640914916992
2.601130485534668
2.6348376274108887
2.7063539028167725
2.6390395164489746
2.613474607467652
2.70805025100708
2.5440211296081543
2.596963882446289
2.657869338989258
2.600594282150269
2.6182565689086914
2.584851026535034
2.7095143795013428
2.46138858795166
2.6990630626678467
2.5167465209960938
2.5906801223754883
2.7049713134765625
2.516697645187378
2.660456657409668
2.5021986961364746
2.443876981735229
2.4584782123565674
2.5699033737182617
2.480877637863159
2.4512972831726074
2.562591075897217
2.4702582359313965
2.64908766746521
2.543468952178955
2.7210378646850586
2.7096524238586426
2.714266538619995
1.958662748336792
2.081216812133789
2.734750747680664
2.4022741317749023
2.3706700801849365
2.220640182495117
2.561859607696533
2.348995447158813
2.516286611557007
2.145967721939087
1.7491766214370728
2.347256660461426
1.9150891304016116
2.680142879486084
2.146958827972412
1.9825239181518557
2.0590929985046387
2.2615270614624023
1.974931597709656
1.93356728553772
2.023481845855713
1.8303399085998533
2.1944949626922607
1.7232288122177124
2.301096200942993
1.798672795295715
1.7621774673461914
2.148559093475342
1.9773054122924805
2.0949530601501465
2.173485279083252
1.9021918773651123
2.533413887023926
1.8422541618347168
1.7085704803466797
2.428771734237671
1.8310067653656008
2.238251209259033
2.0628886222839355
2.0363082885742188
2.2622523307800293
2.2317519187927246
2.545870065689087
1.8857954740524288
1.945573329925537
1.7375823259353638
1.9722117185592647
2.036004543304444
2.3370885848999023
1.9673092365264893
1.9923560619354248
1.7724984884262085
2.040663242340088
1.871907353401184
1.861982107162476
2.1660256385803223
2.1626713275909424
2.168542623519897
2.248359680175781
1.963734745979309
2.181926250457764
2.029693603515625
1.829648494720459
2.2088165283203125
2.481745719909668
2.146210193634033
1.958903193473816
2.0527336597442627
1.9281651973724363
1.816803812980652
1.5730949640274048
2.018317937850952
1.931827545166016
2.056912899017334
2.1153059005737305
1.845304250717163
2.055314064025879
2.5314297676086426
2.205251455307007
1.925384283065796
1.988785982131958
2.076179981231689
2.162891387939453
2.0088982582092285
1.8715054988861084
1.894190549850464
1.889629602432251
1.9825453758239744
1.8647310733795168
2.144303560256958
2.4044349193573
1.525204300880432
2.0831594467163086
2.004106283187866
1.7644121646881104
1.8344240188598635
1.6628745794296265
1.736863613128662
1.8475085496902464
2.1233458518981934
2.072603464126587
1.8732861280441284
1.752111792564392
1.818251609802246
1.9602519273757932
1.9194687604904173
2.47220778465271
1.7970434427261353
1.8111395835876465
2.175320625305176
1.7892462015151978
1.8892602920532229
2.1611781120300293
2.200417995452881
1.885085105895996
1.936257243156433
2.123321056365967
2.029335260391236
1.836525797843933
2.5611214637756348
1.8634676933288572
1.9530129432678225
2.254786252975464
1.987106442451477
1.7317053079605105
1.8392956256866453
1.7216628789901731
2.4909701347351074
2.1090028285980225
1.8640215396881104
1.801951289176941
1.889516830444336
1.8567931652069087
1.873680830001831
1.7623741626739502
2.2219839096069336
1.864724040031433
1.9162547588348389
2.021768569946289
1.9344487190246584
1.6936476230621338
2.057931661605835
1.9582188129425049
2.061936616897583
2.3040013313293457
2.022425651550293
2.14988374710083
1.9190075397491453
2.028073310852051
2.309434413909912
2.244080781936645
1.7982863187789917
1.971005082130432
1.985952377319336
1.8394954204559328
2.001491069793701
2.003182411193848
1.841702461242676
1.8314491510391235
2.079472780227661
1.9402016401290891
1.8308098316192627
1.6739425659179688
1.867810845375061
1.879071354866028
1.868405818939209
2.012136936187744
1.696955323219299
1.903435230255127
1.8475421667099
2.1632447242736816
2.009440898895264
1.9308629035949707
1.8388885259628296
2.087514638900757
1.8432579040527344
1.8375611305236816
1.795130968093872
2.248016834259033
1.6919565200805664
1.9019359350204468
1.85247802734375
2.2169835567474365
1.981650471687317
1.9287084341049197
2.368588447570801
1.7479794025421145
1.8967132568359373
1.9188263416290283
1.8186933994293213
2.110286235809326
1.919734239578247
1.9969935417175293
2.277474403381348
2.105844497680664
1.846409797668457
1.873183250427246
1.873412013053894
1.7826471328735352
1.8540871143341064
1.5690793991088867
1.5923080444335938
1.8952522277832031
1.8560762405395508
1.7386876344680786
1.872672438621521
1.991458535194397
2.0024211406707764
1.7498265504837036
2.276536226272583
2.124561309814453
1.9646847248077397
1.5122792720794678
2.1367788314819336
1.6066277027130127
2.013287305831909
1.6358622312545776
1.810933232307434
1.739193081855774
1.8967857360839844
1.5895894765853882
1.880587100982666
2.0857930183410645
2.3368287086486816
2.116584300994873
2.0310299396514893
1.9512745141983032
2.16536283493042
1.881162524223328
1.7393553256988523
1.993741750717163
2.3524715900421143
1.8603332042694087
1.97318434715271
1.574424147605896
1.6581746339797974
2.718423843383789
2.6971747875213623
2.6740493774414062
2.648819923400879
2.417694330215454
2.462410688400269
2.6069047451019287
2.6542093753814697
2.5765392780303955
2.5168099403381348
2.715379476547241
2.5425586700439453
2.699909448623657
2.701465368270874
2.7287731170654297
2.714108467102051
2.727128028869629
2.30172061920166
2.5808444023132324
2.516280174255371
2.6296420097351074
2.714855432510376
2.566957950592041
2.7235565185546875
2.470360279083252
2.7252748012542725
2.294560670852661
2.725675582885742
2.246023178100586
2.5121257305145264
2.716226577758789
2.417181968688965
2.725166320800781
2.171241283416748
2.552962303161621
2.3128554821014404
2.464302062988281
2.235815048217773
2.573409080505371
2.6823489665985107
2.40032958984375
2.6598100662231445
2.5571212768554688
2.6995303630828857
2.5005831718444824
2.426539182662964
2.72139573097229
2.2900400161743164
2.457650184631348
2.692152738571167
2.664522171020508
2.442119598388672
2.4005911350250244
2.554396390914917
2.406184673309326
2.456682682037353
2.49088454246521
2.5920350551605225
2.5876965522766118
2.731700897216797
2.683501720428467
2.4320435523986816
2.3768177032470703
2.320851325988769
2.7092068195343018
2.350740432739258
2.426609992980957
2.3090264797210693
2.6947178840637207
2.402801036834717
2.621408462524414
2.7049479484558105
2.075115203857422
2.227586507797241
2.0717554092407227
2.156834125518799
1.5780408382415771
2.0397019386291504
2.7218880653381348
2.3678274154663086
2.725870132446289
2.2076644897460938
1.8366621732711792
2.392958164215088
2.26200008392334
2.6164379119873047
2.0071864128112797
2.718012809753418
2.721982002258301
1.703047513961792
1.7879825830459597
1.769897699356079
2.2294154167175293
1.883176326751709
1.945030212402344
1.9344931840896609
2.0073952674865723
1.9700886011123655
2.049334049224853
2.3505353927612305
2.187276840209961
2.257875919342041
2.2695178985595703
2.056507110595703
2.2293989658355717
1.706871509552002
2.2248330116271973
2.1897668838500977
1.80543065071106
2.728259563446045
1.661714792251587
1.993881702423096
1.8143310546875
1.8998998403549197
2.396495819091797
1.870544672012329
1.679384469985962
1.9252904653549197
2.699903726577759
2.2542121410369877
1.8385019302368164
2.5216541290283203
2.4912075996398926
1.8498603105545044
2.5251307487487797
1.805310130119324
2.1052935123443604
2.002704620361328
1.8581916093826292
2.147026538848877
1.872305393218994
1.6707336902618408
2.197770595550537
2.093449592590332
2.0967912673950195
2.104179859161377
2.1380114555358887
1.9901548624038696
1.7378066778182983
1.8657801151275637
1.946992874145508
2.1127026081085205
1.671121597290039
1.8621073961257932
2.288564443588257
1.9589790105819704
2.04301118850708
1.8299580812454224
2.377848625183105
1.9069451093673704
2.1194212436676025
1.6542744636535645
1.549368977546692
1.959799528121948
2.154165267944336
1.9214129447937007
1.8614002466201784
2.087761402130127
1.706986665725708
1.687150239944458
1.760380744934082
2.1199169158935547
1.6828031539916992
2.037100553512573
1.7981207370758057
1.7965023517608645
1.7819647789001465
1.794940710067749
1.8610656261444087
1.806045413017273
2.018711566925049
2.486203193664551
2.2343223094940186
1.7724926471710205
1.7252418994903564
1.9206374883651731
2.0763473510742188
2.144720554351806
2.0672335624694824
2.165022850036621
1.6898192167282104
1.798800349235535
1.9411232471466064
2.426927328109741
1.913907527923584
2.184525966644287
1.8692612648010252
2.1909384727478027
1.9132252931594849
1.8432213068008425
2.3028135299682617
1.762020230293274
2.029735565185547
2.1664974689483643
2.221331834793091
1.8133580684661863
2.0319244861602783
2.319920063018799
2.2341294288635254
1.7989431619644165
1.9417996406555176
2.2829360961914062
1.8092048168182373
2.5134730339050293
1.6702184677124023
1.5861327648162842
1.5546363592147827
1.8314183950424197
1.5446865558624268
2.234637260437012
1.9862573146820068
1.9482691287994385
2.018704891204834
1.9702893495559688
1.7693028450012207
2.095715045928955
1.689256191253662
1.723705768585205
2.162153720855713
1.8976601362228396
2.019948482513428
2.1044931411743164
2.3885531425476074
1.9462308883666992
2.728659152984619
1.7793633937835691
1.741816520690918
1.8343837261199951
2.208467483520508
1.8492121696472168
1.7579739093780518
2.4209649562835693
2.678455114364624
2.1170451641082764
1.6448676586151123
1.9214231967926023
1.8132765293121336
1.784487247467041
1.7539516687393188
1.749888300895691
1.577439785003662
1.660447597503662
1.9915438890457156
1.6752173900604248
1.8107237815856931
1.706598877906799
1.7737361192703247
1.9610064029693604
1.870303511619568
1.8452069759368896
2.1447865962982178
2.0048959255218506
1.8572391271591189
1.6591393947601318
1.6201881170272827
2.1680612564086914
1.9218969345092771
2.0087153911590576
2.151890277862549
1.78802752494812
1.5873123407363892
1.8492376804351809
2.108093738555908
1.771214246749878
1.8115220069885252
1.9402687549591064
1.9760479927062988
1.9429970979690552
1.9491257667541504
1.80547034740448
1.5991473197937012
1.622429609298706
2.2263429164886475
1.9665874242782595
1.8204386234283447
2.4382646083831787
2.4680395126342773
2.320888996124268
1.763879895210266
1.935022592544556
2.722411155700684
1.8491652011871336
1.766582489013672
2.4369630813598637
2.230668067932129
2.1406502723693848
1.6201225519180298
1.9112896919250488
2.150543212890625
1.660632610321045
2.458434581756592
2.481511116027832
2.056593418121338
1.7011314630508425
1.641668438911438
2.0637423992156982
1.7518346309661863
2.378640651702881
2.2598681449890137
1.854028820991516
1.931930899620056
1.82580041885376
1.757845163345337
2.1001522541046143
2.3399009704589844
1.8724095821380613
2.5875887870788574
2.6486058235168457
2.521658420562744
2.5315804481506348
2.527113914489746
2.4964494705200195
2.4231648445129395
2.4547042846679688
2.560127019882202
2.330845832824707
2.492119789123535
2.5819215774536133
2.549431324005127
2.607454538345337
2.421060085296631
2.426998853683472
2.614614963531494
2.5773379802703857
2.50514554977417
2.481311321258545
2.333683967590332
2.728144884109497
2.6064858436584477
2.619493007659912
2.481194019317627
2.388554096221924
2.5000362396240234
2.399531602859497
2.42924427986145
2.453720092773437
2.506711006164551
2.514319658279419
2.5695676803588867
2.4900670051574707
2.6007142066955566
2.6300854682922363
2.5718767642974854
2.534482955932617
2.5284204483032227
2.6211485862731934
2.5091512203216557
2.31066632270813
2.617319107055664
2.574912071228028
2.489962577819824
2.509037494659424
2.4855756759643555
2.4570326805114746
2.482823848724365
2.645437002182007
2.344857215881348
2.3604753017425537
2.5750229358673096
2.250012159347534
2.470318555831909
2.3404669761657715
2.5755808353424072
2.5974602699279785
2.3889663219451904
2.4337821006774902
2.3634297847747803
2.444422721862793
2.2924766540527344
2.4957942962646484
2.4887945652008057
2.5994644165039062
2.5962820053100586
2.3398444652557373
2.6054229736328125
2.6200315952301025
2.406597375869751
1.7709109783172607
2.0869946479797363
2.0888984203338623
1.814119577407837
1.6146471500396729
2.0612425804138184
2.333322763442993
1.9835212230682373
1.9245290756225584
1.8012632131576538
2.060518741607666
1.7055037021636963
2.0729165077209477
1.886507868766785
2.1960840225219727
1.8026291131973269
2.407545566558838
1.6480093002319336
1.823125123977661
2.515218734741211
1.6445090770721436
2.2915656566619877
1.9678444862365725
2.0322799682617188
2.148714542388916
2.1070127487182617
2.023036003112793
2.220184803009033
1.935708999633789
1.77946674823761
1.7250580787658691
1.7746365070343018
2.318715333938598
2.4756016731262207
2.1742947101593018
2.32137393951416
2.445137023925781
2.709901094436645
1.8931176662445068
2.149672031402588
2.213212490081787
2.073662281036377
1.781345009803772
2.1198806762695312
1.9741771221160889
1.771101713180542
2.0646209716796875
1.8905893564224243
2.1425139904022217
2.488051414489746
2.046150684356689
1.8561313152313232
2.503485679626465
1.6935276985168457
1.935090184211731
1.7122093439102173
2.226304054260254
1.805029273033142
1.6507973670959473
2.121840000152588
2.4931769371032715
1.8771411180496216
1.90601658821106
2.1981852054595947
2.3680789470672607
1.9277164936065676
2.1434073448181152
1.8587071895599363
1.8780958652496336
2.629647254943848
2.413596868515014
2.3109331130981445
2.489688873291016
2.3992860317230225
2.26284122467041
2.4050331115722656
1.8080546855926516
2.384365558624268
1.9941651821136477
1.904603362083435
2.230631828308105
1.865245461463928
1.7489471435546875
2.177407741546631
1.934622287750244
2.0714213848114014
2.11975646018982
2.131518602371216
2.7255396842956543
1.94561779499054
2.4451844692230225
1.7983067035675049
1.9600982666015625
2.301638126373291
1.9789137840271
2.172645807266236
2.4624741077423096
2.3348963260650635
2.1089885234832764
1.9440760612487795
2.033097267150879
1.8025418519973757
1.7369014024734497
2.2148890495300293
1.895467758178711
2.2127435207366943
2.0263490676879883
1.7856570482254028
1.728789448738098
2.415714740753174
1.8185718059539795
2.492684841156006
2.3499484062194824
1.769459247589111
1.90309476852417
2.1684765815734863
2.0962393283843994
2.228304862976074
2.641801595687866
2.372022151947021
2.3085107803344727
2.105191230773926
2.3516669273376465
2.5168099403381348
2.358992338180542
2.3717586994171143
2.4894118309021
2.534461498260498
2.350796222686768
2.425384044647217
2.484596967697144
2.551631212234497
2.3736042976379395
2.6163899898529053
2.635336875915528
2.39371395111084
2.4876694679260254
2.421353816986084
2.411517143249512
2.464092254638672
2.3238072395324707
2.72571063041687
2.533696413040161
2.5158591270446777
2.605706214904785
2.5294198989868164
2.480200290679932
2.6452620029449463
2.4562697410583496
2.6503562927246094
2.410600185394287
2.3191399574279785
2.3330485820770264
2.6575138568878174
2.69338607788086
2.273733377456665
2.4638097286224365
2.3921258449554443
2.425151824951172
2.480694055557251
2.4590489864349365
2.394567012786865
2.4741780757904053
2.3243727684021
2.6271636486053467
2.368711471557617
2.6815526485443115
2.6497373580932617
2.524470329284668
2.497755527496338
2.495490550994873
2.465626716613769
2.4573299884796143
2.3345985412597656
2.386461973190308
2.5472586154937744
2.4801559448242188
2.546945810317993
2.516440868377685
2.4810433387756348
2.554163694381714
2.496492385864258
2.51401162147522
2.5249266624450684
2.2685980796813965
2.462908983230591
2.484616756439209
2.486133098602295
2.435002326965332
2.466982126235962
2.3941869735717773
2.1946921348571777
2.398688793182373
